%!PS-Adobe-2.0 EPSF-2.0
%%Creator: user
%%Title: FreeFem++
%%CreationDate: Thu Dec 31 21:59:09 2020
%%Pages: 1
%%BoundingBox:       0 0 596 421
%%EndComments
 /L {newpath moveto lineto stroke} def
 /C {setrgbcolor} def
 /rec {newpath 4 copy 8 1 roll moveto 3 -1 roll lineto 4 2 roll exch lineto lineto closepath} def
 0.059600 0.059600  scale 
 0 10000 0 7071 rec clip
 /Helvetica findfont 151 scalefont setfont
 /S {moveto show} def
 /bF  { mark} def 
 /eF {newpath moveto counttomark 2 idiv {lineto} repeat closepath fill cleartomark} def
 /P { /yy exch def /xx exch def   xx xx 1 add yy yy 1 add  rec  fill } def
 2 setlinewidth
0.750 0.000 1.000 C
1785 6573 2139 6689 L
2139 6689 2099 6650 L
2084 6698 2139 6689 L
0.500 0.000 1.000 C
2091 6268 2424 6364 L
2424 6364 2383 6327 L
2369 6375 2424 6364 L
1785 6144 2111 6260 L
2111 6260 2072 6219 L
2056 6266 2111 6260 L
0.250 0.000 1.000 C
2091 5839 2397 5935 L
2397 5935 2356 5896 L
2341 5944 2397 5935 L
1785 5715 2084 5830 L
2084 5830 2046 5789 L
2028 5836 2084 5830 L
0.500 0.000 1.000 C
1785 6144 2111 6260 L
2111 6260 2072 6219 L
2056 6266 2111 6260 L
0.250 0.000 1.000 C
2091 5839 2397 5935 L
2397 5935 2356 5896 L
2341 5944 2397 5935 L
0.500 0.000 1.000 C
1785 6144 2111 6260 L
2111 6260 2072 6219 L
2056 6266 2111 6260 L
2091 6268 2424 6364 L
2424 6364 2383 6327 L
2369 6375 2424 6364 L
0.000 0.250 1.000 C
2091 5124 2352 5218 L
2352 5218 2313 5178 L
2296 5225 2352 5218 L
0.000 0.000 1.000 C
1785 5287 2058 5400 L
2058 5400 2021 5358 L
2002 5404 2058 5400 L
2244 5471 2525 5558 L
2525 5558 2485 5519 L
2470 5567 2525 5558 L
2244 5471 2525 5558 L
2525 5558 2485 5519 L
2470 5567 2525 5558 L
1785 5287 2058 5400 L
2058 5400 2021 5358 L
2002 5404 2058 5400 L
0.250 0.000 1.000 C
1785 5715 2084 5830 L
2084 5830 2046 5789 L
2028 5836 2084 5830 L
0.000 0.000 1.000 C
2244 5471 2525 5558 L
2525 5558 2485 5519 L
2470 5567 2525 5558 L
0.250 0.000 1.000 C
1785 5715 2084 5830 L
2084 5830 2046 5789 L
2028 5836 2084 5830 L
2091 5839 2397 5935 L
2397 5935 2356 5896 L
2341 5944 2397 5935 L
0.000 0.500 1.000 C
2703 5120 2960 5180 L
2960 5180 2917 5144 L
2905 5193 2960 5180 L
0.000 0.250 1.000 C
2091 5124 2352 5218 L
2352 5218 2313 5178 L
2296 5225 2352 5218 L
0.000 0.000 1.000 C
2244 5471 2525 5558 L
2525 5558 2485 5519 L
2470 5567 2525 5558 L
2703 5656 2995 5715 L
2995 5715 2951 5681 L
2941 5730 2995 5715 L
2244 5471 2525 5558 L
2525 5558 2485 5519 L
2470 5567 2525 5558 L
0.250 0.000 1.000 C
2397 5962 2710 6039 L
2710 6039 2667 6003 L
2655 6052 2710 6039 L
2397 5962 2710 6039 L
2710 6039 2667 6003 L
2655 6052 2710 6039 L
2091 5839 2397 5935 L
2397 5935 2356 5896 L
2341 5944 2397 5935 L
0.500 0.000 1.000 C
2091 6268 2424 6364 L
2424 6364 2383 6327 L
2369 6375 2424 6364 L
0.000 0.750 1.000 C
2168 4583 2396 4670 L
2396 4670 2358 4629 L
2341 4676 2396 4670 L
0.000 0.250 1.000 C
2091 5124 2352 5218 L
2352 5218 2313 5178 L
2296 5225 2352 5218 L
0.000 0.750 1.000 C
2550 4737 2784 4804 L
2784 4804 2743 4766 L
2729 4814 2784 4804 L
0.000 1.000 1.000 C
2153 4149 2357 4233 L
2357 4233 2321 4191 L
2301 4237 2357 4233 L
0.000 0.750 1.000 C
1785 4430 2009 4536 L
2009 4536 1975 4492 L
1953 4537 2009 4536 L
2168 4583 2396 4670 L
2396 4670 2358 4629 L
2341 4676 2396 4670 L
0.000 1.000 1.000 C
2153 4149 2357 4233 L
2357 4233 2321 4191 L
2301 4237 2357 4233 L
0.000 0.750 1.000 C
2168 4583 2396 4670 L
2396 4670 2358 4629 L
2341 4676 2396 4670 L
0.000 1.000 1.000 C
2520 4296 2729 4363 L
2729 4363 2689 4324 L
2673 4371 2729 4363 L
0.250 0.000 1.000 C
2397 5962 2710 6039 L
2710 6039 2667 6003 L
2655 6052 2710 6039 L
0.000 0.000 1.000 C
2244 5471 2525 5558 L
2525 5558 2485 5519 L
2470 5567 2525 5558 L
0.250 0.000 1.000 C
2091 5839 2397 5935 L
2397 5935 2356 5896 L
2341 5944 2397 5935 L
0.000 0.000 1.000 C
1785 5287 2058 5400 L
2058 5400 2021 5358 L
2002 5404 2058 5400 L
0.000 0.250 1.000 C
2091 5124 2352 5218 L
2352 5218 2313 5178 L
2296 5225 2352 5218 L
0.000 0.500 1.000 C
1785 4858 2033 4968 L
2033 4968 1997 4925 L
1977 4971 2033 4968 L
0.000 0.750 1.000 C
2550 4737 2784 4804 L
2784 4804 2743 4766 L
2729 4814 2784 4804 L
0.000 0.250 1.000 C
2091 5124 2352 5218 L
2352 5218 2313 5178 L
2296 5225 2352 5218 L
0.000 0.500 1.000 C
2703 5120 2960 5180 L
2960 5180 2917 5144 L
2905 5193 2960 5180 L
0.000 0.750 1.000 C
2550 4737 2784 4804 L
2784 4804 2743 4766 L
2729 4814 2784 4804 L
0.000 1.000 1.000 C
2520 4296 2729 4363 L
2729 4363 2689 4324 L
2673 4371 2729 4363 L
0.000 0.750 1.000 C
2168 4583 2396 4670 L
2396 4670 2358 4629 L
2341 4676 2396 4670 L
2933 4890 3174 4938 L
3174 4938 3130 4904 L
3120 4953 3174 4938 L
3316 5043 3564 5071 L
3564 5071 3517 5041 L
3511 5091 3564 5071 L
0.000 1.000 1.000 C
3254 4504 3469 4537 L
3469 4537 3423 4505 L
3415 4554 3469 4537 L
0.000 0.500 1.000 C
2703 5120 2960 5180 L
2960 5180 2917 5144 L
2905 5193 2960 5180 L
0.000 0.750 1.000 C
2933 4890 3174 4938 L
3174 4938 3130 4904 L
3120 4953 3174 4938 L
2550 4737 2784 4804 L
2784 4804 2743 4766 L
2729 4814 2784 4804 L
0.000 0.000 1.000 C
2703 5656 2995 5715 L
2995 5715 2951 5681 L
2941 5730 2995 5715 L
0.000 0.500 1.000 C
3009 5349 3279 5393 L
3279 5393 3234 5360 L
3226 5409 3279 5393 L
2703 5120 2960 5180 L
2960 5180 2917 5144 L
2905 5193 2960 5180 L
0.000 0.000 1.000 C
2703 5656 2995 5715 L
2995 5715 2951 5681 L
2941 5730 2995 5715 L
0.000 0.500 1.000 C
2703 5120 2960 5180 L
2960 5180 2917 5144 L
2905 5193 2960 5180 L
0.000 0.000 1.000 C
2244 5471 2525 5558 L
2525 5558 2485 5519 L
2470 5567 2525 5558 L
0.000 0.750 1.000 C
2168 4583 2396 4670 L
2396 4670 2358 4629 L
2341 4676 2396 4670 L
1785 4430 2009 4536 L
2009 4536 1975 4492 L
1953 4537 2009 4536 L
0.000 0.500 1.000 C
1785 4858 2033 4968 L
2033 4968 1997 4925 L
1977 4971 2033 4968 L
0.000 1.000 0.500 C
2142 3359 2307 3436 L
2307 3436 2273 3392 L
2251 3437 2307 3436 L
0.000 1.000 0.750 C
1785 3573 1966 3669 L
1966 3669 1933 3623 L
1910 3668 1966 3669 L
2214 3745 2397 3822 L
2397 3822 2360 3780 L
2341 3826 2397 3822 L
2510 3934 2699 4000 L
2699 4000 2660 3960 L
2643 4007 2699 4000 L
2872 4115 3067 4165 L
3067 4165 3024 4128 L
3012 4177 3067 4165 L
0.000 1.000 0.500 C
2857 3788 3034 3836 L
3034 3836 2992 3799 L
2979 3847 3034 3836 L
0.000 1.000 1.000 C
2153 4149 2357 4233 L
2357 4233 2321 4191 L
2301 4237 2357 4233 L
2520 4296 2729 4363 L
2729 4363 2689 4324 L
2673 4371 2729 4363 L
0.000 1.000 0.750 C
2510 3934 2699 4000 L
2699 4000 2660 3960 L
2643 4007 2699 4000 L
0.000 1.000 0.500 C
2500 3573 2670 3636 L
2670 3636 2632 3595 L
2614 3642 2670 3636 L
0.000 1.000 0.750 C
2510 3934 2699 4000 L
2699 4000 2660 3960 L
2643 4007 2699 4000 L
0.000 1.000 0.500 C
2857 3788 3034 3836 L
3034 3836 2992 3799 L
2979 3847 3034 3836 L
3571 4216 3765 4235 L
3765 4235 3717 4205 L
3713 4255 3765 4235 L
0.000 1.000 1.000 C
3622 4737 3848 4751 L
3848 4751 3800 4723 L
3797 4773 3848 4751 L
0.000 1.000 0.750 C
3928 4431 4133 4433 L
4133 4433 4083 4408 L
4082 4458 4133 4433 L
0.000 1.000 0.250 C
3534 3722 3700 3743 L
3700 3743 3653 3712 L
3647 3761 3700 3743 L
0.000 1.000 0.500 C
3214 4002 3398 4036 L
3398 4036 3354 4002 L
3345 4052 3398 4036 L
3571 4216 3765 4235 L
3765 4235 3717 4205 L
3713 4255 3765 4235 L
0.000 1.000 0.250 C
3884 3923 4058 3930 L
4058 3930 4009 3903 L
4007 3953 4058 3930 L
0.000 1.000 0.500 C
3571 4216 3765 4235 L
3765 4235 3717 4205 L
3713 4255 3765 4235 L
0.000 1.000 0.750 C
3928 4431 4133 4433 L
4133 4433 4083 4408 L
4082 4458 4133 4433 L
0.000 0.750 1.000 C
3316 5043 3564 5071 L
3564 5071 3517 5041 L
3511 5091 3564 5071 L
2933 4890 3174 4938 L
3174 4938 3130 4904 L
3120 4953 3174 4938 L
0.000 0.500 1.000 C
3009 5349 3279 5393 L
3279 5393 3234 5360 L
3226 5409 3279 5393 L
0.000 1.000 0.750 C
2214 3745 2397 3822 L
2397 3822 2360 3780 L
2341 3826 2397 3822 L
0.000 1.000 0.500 C
2500 3573 2670 3636 L
2670 3636 2632 3595 L
2614 3642 2670 3636 L
2142 3359 2307 3436 L
2307 3436 2273 3392 L
2251 3437 2307 3436 L
0.000 1.000 0.750 C
2510 3934 2699 4000 L
2699 4000 2660 3960 L
2643 4007 2699 4000 L
0.000 1.000 0.500 C
2500 3573 2670 3636 L
2670 3636 2632 3595 L
2614 3642 2670 3636 L
0.000 1.000 0.750 C
2214 3745 2397 3822 L
2397 3822 2360 3780 L
2341 3826 2397 3822 L
0.000 1.000 1.000 C
2153 4149 2357 4233 L
2357 4233 2321 4191 L
2301 4237 2357 4233 L
0.000 1.000 0.750 C
2214 3745 2397 3822 L
2397 3822 2360 3780 L
2341 3826 2397 3822 L
0.000 1.000 1.000 C
1785 4001 1987 4103 L
1987 4103 1953 4058 L
1931 4103 1987 4103 L
0.000 0.750 1.000 C
3316 5043 3564 5071 L
3564 5071 3517 5041 L
3511 5091 3564 5071 L
0.000 1.000 1.000 C
3622 4737 3848 4751 L
3848 4751 3800 4723 L
3797 4773 3848 4751 L
3254 4504 3469 4537 L
3469 4537 3423 4505 L
3415 4554 3469 4537 L
0.000 1.000 0.000 C
2179 2506 2304 2569 L
2304 2569 2270 2524 L
2248 2569 2304 2569 L
0.000 1.000 0.250 C
1785 2716 1927 2799 L
1927 2799 1897 2752 L
1871 2795 1927 2799 L
2179 2873 2321 2942 L
2321 2942 2286 2898 L
2265 2943 2321 2942 L
1785 2716 1927 2799 L
1927 2799 1897 2752 L
1871 2795 1927 2799 L
0.000 1.000 0.500 C
1785 3144 1946 3234 L
1946 3234 1915 3188 L
1890 3232 1946 3234 L
0.000 1.000 0.250 C
2179 2873 2321 2942 L
2321 2942 2286 2898 L
2265 2943 2321 2942 L
0.500 1.000 0.000 C
2933 2479 3043 2513 L
3043 2513 3003 2474 L
2988 2522 3043 2513 L
2551 2272 2658 2317 L
2658 2317 2621 2275 L
2602 2321 2658 2317 L
0.000 1.000 0.000 C
2573 2725 2700 2775 L
2700 2775 2663 2734 L
2645 2780 2700 2775 L
1.000 0.829 0.163 C
3549 1568 3607 1577 L
3607 1577 3561 1545 L
3554 1594 3607 1577 L
1.000 1.000 0.000 C
3157 1813 3232 1832 L
3232 1832 3189 1796 L
3177 1844 3232 1832 L
3718 1989 3793 1997 L
3793 1997 3746 1967 L
3740 2017 3793 1997 L
0.500 1.000 0.000 C
3316 2686 3430 2709 L
3430 2709 3386 2675 L
3376 2724 3430 2709 L
0.750 1.000 0.000 C
3517 2338 3611 2353 L
3611 2353 3566 2320 L
3558 2369 3611 2353 L
3230 2183 3321 2204 L
3321 2204 3278 2168 L
3266 2217 3321 2204 L
0.500 1.000 0.000 C
2933 2479 3043 2513 L
3043 2513 3003 2474 L
2988 2522 3043 2513 L
2861 2110 2954 2141 L
2954 2141 2915 2102 L
2899 2149 2954 2141 L
2551 2272 2658 2317 L
2658 2317 2621 2275 L
2602 2321 2658 2317 L
3316 2686 3430 2709 L
3430 2709 3386 2675 L
3376 2724 3430 2709 L
2933 2479 3043 2513 L
3043 2513 3003 2474 L
2988 2522 3043 2513 L
0.000 1.000 0.000 C
2966 2944 3098 2982 L
3098 2982 3057 2944 L
3043 2992 3098 2982 L
2573 3031 2715 3085 L
2715 3085 2677 3044 L
2659 3091 2715 3085 L
0.000 1.000 0.500 C
2142 3359 2307 3436 L
2307 3436 2273 3392 L
2251 3437 2307 3436 L
2500 3573 2670 3636 L
2670 3636 2632 3595 L
2614 3642 2670 3636 L
0.000 1.000 0.000 C
2966 2944 3098 2982 L
3098 2982 3057 2944 L
3043 2992 3098 2982 L
2573 2725 2700 2775 L
2700 2775 2663 2734 L
2645 2780 2700 2775 L
2573 3031 2715 3085 L
2715 3085 2677 3044 L
2659 3091 2715 3085 L
2966 2944 3098 2982 L
3098 2982 3057 2944 L
3043 2992 3098 2982 L
2573 3031 2715 3085 L
2715 3085 2677 3044 L
2659 3091 2715 3085 L
0.000 1.000 0.250 C
2835 3320 2987 3366 L
2987 3366 2947 3328 L
2932 3375 2987 3366 L
2835 3320 2987 3366 L
2987 3366 2947 3328 L
2932 3375 2987 3366 L
0.000 1.000 0.000 C
2573 3031 2715 3085 L
2715 3085 2677 3044 L
2659 3091 2715 3085 L
0.000 1.000 0.500 C
2500 3573 2670 3636 L
2670 3636 2632 3595 L
2614 3642 2670 3636 L
0.000 1.000 0.000 C
3360 3162 3497 3187 L
3497 3187 3452 3154 L
3443 3203 3497 3187 L
2966 2944 3098 2982 L
3098 2982 3057 2944 L
3043 2992 3098 2982 L
0.000 1.000 0.250 C
2835 3320 2987 3366 L
2987 3366 2947 3328 L
2932 3375 2987 3366 L
0.000 1.000 0.500 C
2857 3788 3034 3836 L
3034 3836 2992 3799 L
2979 3847 3034 3836 L
0.000 1.000 0.250 C
2835 3320 2987 3366 L
2987 3366 2947 3328 L
2932 3375 2987 3366 L
0.000 1.000 0.500 C
2500 3573 2670 3636 L
2670 3636 2632 3595 L
2614 3642 2670 3636 L
3214 4002 3398 4036 L
3398 4036 3354 4002 L
3345 4052 3398 4036 L
0.000 1.000 0.250 C
3185 3521 3343 3555 L
3343 3555 3299 3520 L
3289 3569 3343 3555 L
0.000 1.000 0.500 C
2857 3788 3034 3836 L
3034 3836 2992 3799 L
2979 3847 3034 3836 L
0.000 1.000 0.250 C
3884 3923 4058 3930 L
4058 3930 4009 3903 L
4007 3953 4058 3930 L
3534 3722 3700 3743 L
3700 3743 3653 3712 L
3647 3761 3700 3743 L
0.000 1.000 0.500 C
3571 4216 3765 4235 L
3765 4235 3717 4205 L
3713 4255 3765 4235 L
0.000 1.000 1.000 C
3254 4504 3469 4537 L
3469 4537 3423 4505 L
3415 4554 3469 4537 L
0.000 1.000 0.750 C
2872 4115 3067 4165 L
3067 4165 3024 4128 L
3012 4177 3067 4165 L
0.000 1.000 1.000 C
2887 4443 3101 4493 L
3101 4493 3058 4457 L
3047 4506 3101 4493 L
0.000 0.500 1.000 C
2703 5120 2960 5180 L
2960 5180 2917 5144 L
2905 5193 2960 5180 L
3009 5349 3279 5393 L
3279 5393 3234 5360 L
3226 5409 3279 5393 L
0.000 0.750 1.000 C
2933 4890 3174 4938 L
3174 4938 3130 4904 L
3120 4953 3174 4938 L
0.000 0.500 1.000 C
1785 4858 2033 4968 L
2033 4968 1997 4925 L
1977 4971 2033 4968 L
0.000 0.250 1.000 C
2091 5124 2352 5218 L
2352 5218 2313 5178 L
2296 5225 2352 5218 L
0.000 0.750 1.000 C
2168 4583 2396 4670 L
2396 4670 2358 4629 L
2341 4676 2396 4670 L
0.000 1.000 1.000 C
2887 4443 3101 4493 L
3101 4493 3058 4457 L
3047 4506 3101 4493 L
0.000 0.750 1.000 C
2933 4890 3174 4938 L
3174 4938 3130 4904 L
3120 4953 3174 4938 L
0.000 1.000 1.000 C
3254 4504 3469 4537 L
3469 4537 3423 4505 L
3415 4554 3469 4537 L
2520 4296 2729 4363 L
2729 4363 2689 4324 L
2673 4371 2729 4363 L
0.000 0.750 1.000 C
2550 4737 2784 4804 L
2784 4804 2743 4766 L
2729 4814 2784 4804 L
0.000 1.000 1.000 C
2887 4443 3101 4493 L
3101 4493 3058 4457 L
3047 4506 3101 4493 L
2520 4296 2729 4363 L
2729 4363 2689 4324 L
2673 4371 2729 4363 L
0.000 1.000 0.750 C
2872 4115 3067 4165 L
3067 4165 3024 4128 L
3012 4177 3067 4165 L
2510 3934 2699 4000 L
2699 4000 2660 3960 L
2643 4007 2699 4000 L
2214 3745 2397 3822 L
2397 3822 2360 3780 L
2341 3826 2397 3822 L
0.000 1.000 1.000 C
2153 4149 2357 4233 L
2357 4233 2321 4191 L
2301 4237 2357 4233 L
0.000 1.000 0.750 C
2510 3934 2699 4000 L
2699 4000 2660 3960 L
2643 4007 2699 4000 L
0.000 1.000 1.000 C
2887 4443 3101 4493 L
3101 4493 3058 4457 L
3047 4506 3101 4493 L
0.000 0.750 1.000 C
2550 4737 2784 4804 L
2784 4804 2743 4766 L
2729 4814 2784 4804 L
2933 4890 3174 4938 L
3174 4938 3130 4904 L
3120 4953 3174 4938 L
0.000 1.000 1.000 C
2153 4149 2357 4233 L
2357 4233 2321 4191 L
2301 4237 2357 4233 L
1785 4001 1987 4103 L
1987 4103 1953 4058 L
1931 4103 1987 4103 L
0.000 0.750 1.000 C
1785 4430 2009 4536 L
2009 4536 1975 4492 L
1953 4537 2009 4536 L
0.000 1.000 0.750 C
1785 3573 1966 3669 L
1966 3669 1933 3623 L
1910 3668 1966 3669 L
0.000 1.000 1.000 C
1785 4001 1987 4103 L
1987 4103 1953 4058 L
1931 4103 1987 4103 L
0.000 1.000 0.750 C
2214 3745 2397 3822 L
2397 3822 2360 3780 L
2341 3826 2397 3822 L
2872 4115 3067 4165 L
3067 4165 3024 4128 L
3012 4177 3067 4165 L
0.000 1.000 1.000 C
3254 4504 3469 4537 L
3469 4537 3423 4505 L
3415 4554 3469 4537 L
0.000 1.000 0.500 C
3214 4002 3398 4036 L
3398 4036 3354 4002 L
3345 4052 3398 4036 L
0.000 1.000 1.000 C
2520 4296 2729 4363 L
2729 4363 2689 4324 L
2673 4371 2729 4363 L
2887 4443 3101 4493 L
3101 4493 3058 4457 L
3047 4506 3101 4493 L
0.000 1.000 0.750 C
2872 4115 3067 4165 L
3067 4165 3024 4128 L
3012 4177 3067 4165 L
0.000 1.000 0.500 C
2857 3788 3034 3836 L
3034 3836 2992 3799 L
2979 3847 3034 3836 L
0.000 1.000 0.750 C
2872 4115 3067 4165 L
3067 4165 3024 4128 L
3012 4177 3067 4165 L
0.000 1.000 0.500 C
3214 4002 3398 4036 L
3398 4036 3354 4002 L
3345 4052 3398 4036 L
0.000 1.000 0.750 C
1785 3573 1966 3669 L
1966 3669 1933 3623 L
1910 3668 1966 3669 L
0.000 1.000 0.500 C
2142 3359 2307 3436 L
2307 3436 2273 3392 L
2251 3437 2307 3436 L
1785 3144 1946 3234 L
1946 3234 1915 3188 L
1890 3232 1946 3234 L
0.000 1.000 1.000 C
3622 4737 3848 4751 L
3848 4751 3800 4723 L
3797 4773 3848 4751 L
0.000 1.000 0.500 C
3571 4216 3765 4235 L
3765 4235 3717 4205 L
3713 4255 3765 4235 L
0.000 1.000 1.000 C
3254 4504 3469 4537 L
3469 4537 3423 4505 L
3415 4554 3469 4537 L
0.000 1.000 0.250 C
3185 3521 3343 3555 L
3343 3555 3299 3520 L
3289 3569 3343 3555 L
3534 3722 3700 3743 L
3700 3743 3653 3712 L
3647 3761 3700 3743 L
0.000 1.000 0.000 C
3360 3162 3497 3187 L
3497 3187 3452 3154 L
3443 3203 3497 3187 L
0.000 1.000 0.250 C
2179 2873 2321 2942 L
2321 2942 2286 2898 L
2265 2943 2321 2942 L
0.000 1.000 0.000 C
2573 2725 2700 2775 L
2700 2775 2663 2734 L
2645 2780 2700 2775 L
2179 2506 2304 2569 L
2304 2569 2270 2524 L
2248 2569 2304 2569 L
0.000 1.000 0.500 C
2142 3359 2307 3436 L
2307 3436 2273 3392 L
2251 3437 2307 3436 L
0.000 1.000 0.000 C
2573 3031 2715 3085 L
2715 3085 2677 3044 L
2659 3091 2715 3085 L
0.000 1.000 0.250 C
2179 2873 2321 2942 L
2321 2942 2286 2898 L
2265 2943 2321 2942 L
0.000 1.000 0.500 C
2142 3359 2307 3436 L
2307 3436 2273 3392 L
2251 3437 2307 3436 L
0.000 1.000 0.250 C
2179 2873 2321 2942 L
2321 2942 2286 2898 L
2265 2943 2321 2942 L
0.000 1.000 0.500 C
1785 3144 1946 3234 L
1946 3234 1915 3188 L
1890 3232 1946 3234 L
0.500 1.000 0.000 C
3668 2668 3776 2681 L
3776 2681 3729 2651 L
3723 2700 3776 2681 L
0.750 1.000 0.000 C
3869 2320 3957 2326 L
3957 2326 3909 2298 L
3906 2348 3957 2326 L
3517 2338 3611 2353 L
3611 2353 3566 2320 L
3558 2369 3611 2353 L
0.250 1.000 0.000 C
3699 3053 3826 3066 L
3826 3066 3778 3036 L
3773 3086 3826 3066 L
0.500 1.000 0.000 C
4020 2651 4122 2654 L
4122 2654 4073 2628 L
4072 2678 4122 2654 L
3668 2668 3776 2681 L
3776 2681 3729 2651 L
3723 2700 3776 2681 L
3316 2686 3430 2709 L
3430 2709 3386 2675 L
3376 2724 3430 2709 L
3668 2668 3776 2681 L
3776 2681 3729 2651 L
3723 2700 3776 2681 L
0.750 1.000 0.000 C
3517 2338 3611 2353 L
3611 2353 3566 2320 L
3558 2369 3611 2353 L
0.000 1.000 0.000 C
2573 2725 2700 2775 L
2700 2775 2663 2734 L
2645 2780 2700 2775 L
2966 2944 3098 2982 L
3098 2982 3057 2944 L
3043 2992 3098 2982 L
0.500 1.000 0.000 C
2933 2479 3043 2513 L
3043 2513 3003 2474 L
2988 2522 3043 2513 L
1.000 1.000 0.000 C
4130 1945 4198 1945 L
4198 1945 4148 1920 L
4148 1970 4198 1945 L
1.000 0.829 0.163 C
4326 1676 4381 1672 L
4381 1672 4329 1650 L
4333 1700 4381 1672 L
3918 1641 3976 1644 L
3976 1644 3927 1617 L
3925 1666 3976 1644 L
1.000 1.000 0.000 C
4693 2058 4761 2048 L
4761 2048 4708 2031 L
4715 2080 4761 2048 L
1.000 0.829 0.163 C
4326 1676 4381 1672 L
4381 1672 4329 1650 L
4333 1700 4381 1672 L
1.000 1.000 0.000 C
4130 1945 4198 1945 L
4198 1945 4148 1920 L
4148 1970 4198 1945 L
0.750 1.000 0.000 C
4341 2250 4421 2245 L
4421 2245 4370 2223 L
4373 2273 4421 2245 L
3869 2320 3957 2326 L
3957 2326 3909 2298 L
3906 2348 3957 2326 L
0.500 1.000 0.000 C
4020 2651 4122 2654 L
4122 2654 4073 2628 L
4072 2678 4122 2654 L
0.750 1.000 0.000 C
3869 2320 3957 2326 L
3957 2326 3909 2298 L
3906 2348 3957 2326 L
1.000 1.000 0.000 C
4130 1945 4198 1945 L
4198 1945 4148 1920 L
4148 1970 4198 1945 L
3718 1989 3793 1997 L
3793 1997 3746 1967 L
3740 2017 3793 1997 L
0.500 1.000 0.000 C
3668 2668 3776 2681 L
3776 2681 3729 2651 L
3723 2700 3776 2681 L
4020 2651 4122 2654 L
4122 2654 4073 2628 L
4072 2678 4122 2654 L
0.750 1.000 0.000 C
3869 2320 3957 2326 L
3957 2326 3909 2298 L
3906 2348 3957 2326 L
3517 2338 3611 2353 L
3611 2353 3566 2320 L
3558 2369 3611 2353 L
3869 2320 3957 2326 L
3957 2326 3909 2298 L
3906 2348 3957 2326 L
1.000 1.000 0.000 C
3718 1989 3793 1997 L
3793 1997 3746 1967 L
3740 2017 3793 1997 L
0.500 1.000 0.000 C
2933 2479 3043 2513 L
3043 2513 3003 2474 L
2988 2522 3043 2513 L
3316 2686 3430 2709 L
3430 2709 3386 2675 L
3376 2724 3430 2709 L
0.750 1.000 0.000 C
3230 2183 3321 2204 L
3321 2204 3278 2168 L
3266 2217 3321 2204 L
0.500 1.000 0.000 C
2861 2110 2954 2141 L
2954 2141 2915 2102 L
2899 2149 2954 2141 L
2467 1906 2559 1947 L
2559 1947 2523 1904 L
2503 1950 2559 1947 L
2551 2272 2658 2317 L
2658 2317 2621 2275 L
2602 2321 2658 2317 L
1.000 1.000 0.000 C
3157 1813 3232 1832 L
3232 1832 3189 1796 L
3177 1844 3232 1832 L
0.750 1.000 0.000 C
2788 1741 2865 1768 L
2865 1768 2827 1728 L
2810 1775 2865 1768 L
0.500 1.000 0.000 C
2861 2110 2954 2141 L
2954 2141 2915 2102 L
2899 2149 2954 2141 L
0.750 1.000 0.000 C
3230 2183 3321 2204 L
3321 2204 3278 2168 L
3266 2217 3321 2204 L
0.500 1.000 0.000 C
2861 2110 2954 2141 L
2954 2141 2915 2102 L
2899 2149 2954 2141 L
2933 2479 3043 2513 L
3043 2513 3003 2474 L
2988 2522 3043 2513 L
0.750 1.000 0.000 C
2788 1741 2865 1768 L
2865 1768 2827 1728 L
2810 1775 2865 1768 L
0.500 1.000 0.000 C
2467 1906 2559 1947 L
2559 1947 2523 1904 L
2503 1950 2559 1947 L
2861 2110 2954 2141 L
2954 2141 2915 2102 L
2899 2149 2954 2141 L
1.000 0.488 0.488 C
1.000 0.829 0.163 C
1785 574 1826 603 L
1.000 0.488 0.488 C
1.000 0.829 0.163 C
2071 716 2114 742 L
1.000 0.659 0.326 C
2428 574 2474 594 L
1.000 0.488 0.488 C
1.000 0.659 0.326 C
2428 574 2474 594 L
1.000 0.488 0.488 C
3214 431 3263 440 L
1.000 0.659 0.326 C
3420 813 3470 821 L
1.000 0.488 0.488 C
3706 528 3756 531 L
3214 431 3263 440 L
4146 539 4196 535 L
3706 528 3756 531 L
1.000 0.659 0.326 C
3913 910 3963 911 L
1.000 0.829 0.163 C
2642 1002 2689 1020 L
1.000 0.659 0.326 C
2928 716 2976 730 L
2428 574 2474 594 L
1.000 0.488 0.488 C
2749 466 2797 482 L
1.000 0.659 0.326 C
2428 574 2474 594 L
1.000 0.488 0.488 C
2749 466 2797 482 L
1.000 0.659 0.326 C
2928 716 2976 730 L
1.000 0.488 0.488 C
2749 466 2797 482 L
1.000 0.659 0.326 C
2428 574 2474 594 L
1.000 0.829 0.163 C
2071 716 2114 742 L
1.000 1.000 0.000 C
2300 1173 2359 1203 L
2359 1203 2325 1158 L
2303 1203 2359 1203 L
1.000 0.659 0.326 C
2428 574 2474 594 L
1.000 0.829 0.163 C
1785 574 1826 603 L
1.000 1.000 0.000 C
1785 1002 1849 1047 L
1849 1047 1822 998 L
1794 1039 1849 1047 L
1.000 0.829 0.163 C
2071 716 2114 742 L
1785 574 1826 603 L
2071 716 2114 742 L
1.000 0.488 0.488 C
1.000 0.659 0.326 C
2928 716 2976 730 L
1.000 0.488 0.488 C
3214 431 3263 440 L
2749 466 2797 482 L
1.000 1.000 0.000 C
2300 1173 2359 1203 L
2359 1203 2325 1158 L
2303 1203 2359 1203 L
1.000 0.829 0.163 C
2071 716 2114 742 L
1.000 1.000 0.000 C
1785 1002 1849 1047 L
1849 1047 1822 998 L
1794 1039 1849 1047 L
0.500 1.000 0.000 C
2467 1906 2559 1947 L
2559 1947 2523 1904 L
2503 1950 2559 1947 L
0.250 1.000 0.000 C
2168 2066 2274 2121 L
2274 2121 2241 2076 L
2218 2120 2274 2121 L
0.500 1.000 0.000 C
2551 2272 2658 2317 L
2658 2317 2621 2275 L
2602 2321 2658 2317 L
0.750 1.000 0.000 C
2071 1573 2156 1622 L
2156 1622 2125 1575 L
2100 1619 2156 1622 L
0.250 1.000 0.000 C
2168 2066 2274 2121 L
2274 2121 2241 2076 L
2218 2120 2274 2121 L
0.500 1.000 0.000 C
2467 1906 2559 1947 L
2559 1947 2523 1904 L
2503 1950 2559 1947 L
0.750 1.000 0.000 C
3230 2183 3321 2204 L
3321 2204 3278 2168 L
3266 2217 3321 2204 L
3517 2338 3611 2353 L
3611 2353 3566 2320 L
3558 2369 3611 2353 L
1.000 1.000 0.000 C
3718 1989 3793 1997 L
3793 1997 3746 1967 L
3740 2017 3793 1997 L
2612 1426 2677 1452 L
2677 1452 2640 1410 L
2622 1456 2677 1452 L
0.500 1.000 0.000 C
2467 1906 2559 1947 L
2559 1947 2523 1904 L
2503 1950 2559 1947 L
0.750 1.000 0.000 C
2788 1741 2865 1768 L
2865 1768 2827 1728 L
2810 1775 2865 1768 L
1.000 1.000 0.000 C
2612 1426 2677 1452 L
2677 1452 2640 1410 L
2622 1456 2677 1452 L
1.000 0.829 0.163 C
3012 1075 3060 1088 L
2642 1002 2689 1020 L
2642 1002 2689 1020 L
1.000 1.000 0.000 C
2300 1173 2359 1203 L
2359 1203 2325 1158 L
2303 1203 2359 1203 L
2612 1426 2677 1452 L
2677 1452 2640 1410 L
2622 1456 2677 1452 L
1.000 0.829 0.163 C
3381 1148 3430 1156 L
1.000 0.659 0.326 C
3420 813 3470 821 L
1.000 0.829 0.163 C
3012 1075 3060 1088 L
1.000 0.659 0.326 C
2428 574 2474 594 L
1.000 1.000 0.000 C
2300 1173 2359 1203 L
2359 1203 2325 1158 L
2303 1203 2359 1203 L
1.000 0.829 0.163 C
2642 1002 2689 1020 L
3750 1220 3800 1224 L
4119 1293 4169 1292 L
1.000 0.659 0.326 C
3913 910 3963 911 L
1.000 0.829 0.163 C
3549 1568 3607 1577 L
3607 1577 3561 1545 L
3554 1594 3607 1577 L
3750 1220 3800 1224 L
3381 1148 3430 1156 L
0.750 1.000 0.000 C
3230 2183 3321 2204 L
3321 2204 3278 2168 L
3266 2217 3321 2204 L
1.000 1.000 0.000 C
3718 1989 3793 1997 L
3793 1997 3746 1967 L
3740 2017 3793 1997 L
3157 1813 3232 1832 L
3232 1832 3189 1796 L
3177 1844 3232 1832 L
3157 1813 3232 1832 L
3232 1832 3189 1796 L
3177 1844 3232 1832 L
3084 1444 3143 1460 L
3143 1460 3101 1423 L
3088 1471 3143 1460 L
0.750 1.000 0.000 C
2788 1741 2865 1768 L
2865 1768 2827 1728 L
2810 1775 2865 1768 L
1.000 0.829 0.163 C
3549 1568 3607 1577 L
3607 1577 3561 1545 L
3554 1594 3607 1577 L
1.000 1.000 0.000 C
3084 1444 3143 1460 L
3143 1460 3101 1423 L
3088 1471 3143 1460 L
3157 1813 3232 1832 L
3232 1832 3189 1796 L
3177 1844 3232 1832 L
0.750 1.000 0.000 C
3230 2183 3321 2204 L
3321 2204 3278 2168 L
3266 2217 3321 2204 L
1.000 1.000 0.000 C
3157 1813 3232 1832 L
3232 1832 3189 1796 L
3177 1844 3232 1832 L
0.500 1.000 0.000 C
2861 2110 2954 2141 L
2954 2141 2915 2102 L
2899 2149 2954 2141 L
1.000 0.829 0.163 C
3012 1075 3060 1088 L
1.000 0.659 0.326 C
2928 716 2976 730 L
1.000 0.829 0.163 C
2642 1002 2689 1020 L
1.000 0.659 0.326 C
3420 813 3470 821 L
2928 716 2976 730 L
1.000 0.829 0.163 C
3012 1075 3060 1088 L
1.000 1.000 0.000 C
3084 1444 3143 1460 L
3143 1460 3101 1423 L
3088 1471 3143 1460 L
2612 1426 2677 1452 L
2677 1452 2640 1410 L
2622 1456 2677 1452 L
0.750 1.000 0.000 C
2788 1741 2865 1768 L
2865 1768 2827 1728 L
2810 1775 2865 1768 L
1.000 0.829 0.163 C
3381 1148 3430 1156 L
3012 1075 3060 1088 L
1.000 1.000 0.000 C
3084 1444 3143 1460 L
3143 1460 3101 1423 L
3088 1471 3143 1460 L
1.000 0.829 0.163 C
3381 1148 3430 1156 L
1.000 1.000 0.000 C
3084 1444 3143 1460 L
3143 1460 3101 1423 L
3088 1471 3143 1460 L
1.000 0.829 0.163 C
3549 1568 3607 1577 L
3607 1577 3561 1545 L
3554 1594 3607 1577 L
1.000 0.488 0.488 C
3706 528 3756 531 L
3214 431 3263 440 L
1.000 0.659 0.326 C
4234 910 4284 907 L
1.000 0.488 0.488 C
4146 539 4196 535 L
1.000 0.659 0.326 C
3913 910 3963 911 L
3420 813 3470 821 L
1.000 0.488 0.488 C
3214 431 3263 440 L
1.000 0.659 0.326 C
2928 716 2976 730 L
3913 910 3963 911 L
1.000 0.488 0.488 C
3706 528 3756 531 L
1.000 0.659 0.326 C
3420 813 3470 821 L
1.000 0.829 0.163 C
3012 1075 3060 1088 L
1.000 1.000 0.000 C
2612 1426 2677 1452 L
2677 1452 2640 1410 L
2622 1456 2677 1452 L
3084 1444 3143 1460 L
3143 1460 3101 1423 L
3088 1471 3143 1460 L
1.000 0.829 0.163 C
3750 1220 3800 1224 L
1.000 0.659 0.326 C
3420 813 3470 821 L
1.000 0.829 0.163 C
3381 1148 3430 1156 L
3750 1220 3800 1224 L
3549 1568 3607 1577 L
3607 1577 3561 1545 L
3554 1594 3607 1577 L
3918 1641 3976 1644 L
3976 1644 3927 1617 L
3925 1666 3976 1644 L
1.000 0.659 0.326 C
3420 813 3470 821 L
1.000 0.829 0.163 C
3750 1220 3800 1224 L
1.000 0.659 0.326 C
3913 910 3963 911 L
4234 910 4284 907 L
1.000 0.829 0.163 C
4119 1293 4169 1292 L
4584 1326 4633 1318 L
1.000 0.488 0.488 C
7908 451 7954 430 L
7479 451 7523 427 L
7908 451 7954 430 L
7602 757 7647 735 L
7908 451 7954 430 L
7479 451 7523 427 L
7479 451 7523 427 L
7030 757 7075 734 L
7602 757 7647 735 L
7030 757 7075 734 L
7479 451 7523 427 L
7479 451 7523 427 L
7030 757 7075 734 L
1.000 0.659 0.326 C
6760 1063 6805 1041 L
7296 1063 7341 1041 L
1.000 0.488 0.488 C
6764 451 6808 427 L
7030 757 7075 734 L
7602 757 7647 735 L
7030 757 7075 734 L
1.000 0.659 0.326 C
7296 1063 7341 1041 L
6760 1063 6805 1041 L
1.000 0.488 0.488 C
7030 757 7075 734 L
6764 451 6808 427 L
1.000 0.659 0.326 C
7296 1063 7341 1041 L
6760 1063 6805 1041 L
6990 1369 7035 1348 L
1.000 0.488 0.488 C
7479 451 7523 427 L
1.000 0.659 0.326 C
6377 910 6422 888 L
1.000 0.488 0.488 C
6764 451 6808 427 L
6300 451 6344 428 L
1.000 0.659 0.326 C
6423 1293 6468 1271 L
6760 1063 6805 1041 L
6377 910 6422 888 L
6423 1293 6468 1271 L
6377 910 6422 888 L
5912 1247 5958 1227 L
1.000 0.488 0.488 C
6764 451 6808 427 L
1.000 0.829 0.163 C
6144 1614 6190 1594 L
6377 1981 6428 1960 L
6428 1960 6372 1956 L
6392 2003 6428 1960 L
6683 1675 6729 1655 L
1.000 0.659 0.326 C
6377 910 6422 888 L
6760 1063 6805 1041 L
1.000 0.488 0.488 C
6764 451 6808 427 L
5789 512 5834 492 L
1.000 0.659 0.326 C
5936 880 5981 859 L
1.000 0.488 0.488 C
6300 451 6344 428 L
6300 451 6344 428 L
6764 451 6808 427 L
1.000 0.659 0.326 C
6990 1369 7035 1348 L
6423 1293 6468 1271 L
1.000 0.829 0.163 C
6683 1675 6729 1655 L
1.000 0.659 0.326 C
6377 910 6422 888 L
5936 880 5981 859 L
5912 1247 5958 1227 L
6990 1369 7035 1348 L
6760 1063 6805 1041 L
6423 1293 6468 1271 L
1.000 0.829 0.163 C
6144 1614 6190 1594 L
1.000 0.659 0.326 C
6423 1293 6468 1271 L
5912 1247 5958 1227 L
1.000 0.488 0.488 C
4999 502 5047 488 L
4514 539 4563 530 L
1.000 0.659 0.326 C
4759 845 4808 834 L
1.000 0.488 0.488 C
5446 512 5492 494 L
4999 502 5047 488 L
5446 512 5492 494 L
4999 502 5047 488 L
1.000 0.659 0.326 C
5111 961 5159 947 L
1.000 0.488 0.488 C
4999 502 5047 488 L
1.000 0.659 0.326 C
4759 845 4808 834 L
5111 961 5159 947 L
1.000 0.488 0.488 C
5446 512 5492 494 L
5789 512 5834 492 L
1.000 0.659 0.326 C
5556 1002 5603 984 L
5936 880 5981 859 L
1.000 0.488 0.488 C
6300 451 6344 428 L
1.000 0.659 0.326 C
5556 1002 5603 984 L
5111 961 5159 947 L
5275 1369 5323 1355 L
1.000 0.488 0.488 C
5446 512 5492 494 L
1.000 0.659 0.326 C
5111 961 5159 947 L
5556 1002 5603 984 L
5936 880 5981 859 L
5556 1002 5603 984 L
5912 1247 5958 1227 L
1.000 0.829 0.163 C
5725 1619 5772 1602 L
6144 1614 6190 1594 L
1.000 0.659 0.326 C
5912 1247 5958 1227 L
5556 1002 5603 984 L
5275 1369 5323 1355 L
5593 1308 5640 1291 L
5556 1002 5603 984 L
5593 1308 5640 1291 L
5912 1247 5958 1227 L
1.000 0.488 0.488 C
5789 512 5834 492 L
6300 451 6344 428 L
6300 451 6344 428 L
1.000 0.659 0.326 C
5936 880 5981 859 L
6377 910 6422 888 L
1.000 0.829 0.163 C
6144 1614 6190 1594 L
5725 1619 5772 1602 L
5857 1931 5910 1910 L
5910 1910 5855 1905 L
5872 1951 5910 1910 L
6683 1675 6729 1655 L
1.000 0.659 0.326 C
6423 1293 6468 1271 L
1.000 0.829 0.163 C
6144 1614 6190 1594 L
6377 1981 6428 1960 L
6428 1960 6372 1956 L
6392 2003 6428 1960 L
5857 1931 5910 1910 L
5910 1910 5855 1905 L
5872 1951 5910 1910 L
1.000 1.000 0.000 C
6071 2288 6136 2263 L
6136 2263 6081 2257 L
6098 2304 6136 2263 L
5602 2186 5667 2164 L
5667 2164 5612 2156 L
5627 2204 5667 2164 L
0.750 1.000 0.000 C
5765 2594 5846 2567 L
5846 2567 5791 2559 L
5807 2606 5846 2567 L
1.000 1.000 0.000 C
6071 2288 6136 2263 L
6136 2263 6081 2257 L
6098 2304 6136 2263 L
0.750 1.000 0.000 C
5301 2506 5383 2485 L
5383 2485 5329 2473 L
5341 2522 5383 2485 L
5765 2594 5846 2567 L
5846 2567 5791 2559 L
5807 2606 5846 2567 L
1.000 1.000 0.000 C
5602 2186 5667 2164 L
5667 2164 5612 2156 L
5627 2204 5667 2164 L
1.000 0.829 0.163 C
5725 1619 5772 1602 L
1.000 0.659 0.326 C
5912 1247 5958 1227 L
5593 1308 5640 1291 L
1.000 0.829 0.163 C
5438 1778 5489 1761 L
5489 1761 5434 1753 L
5449 1800 5489 1761 L
5857 1931 5910 1910 L
5910 1910 5855 1905 L
5872 1951 5910 1910 L
5725 1619 5772 1602 L
5438 1778 5489 1761 L
5489 1761 5434 1753 L
5449 1800 5489 1761 L
5725 1619 5772 1602 L
1.000 0.659 0.326 C
5593 1308 5640 1291 L
1.000 0.488 0.488 C
5789 512 5834 492 L
0.750 1.000 0.000 C
5301 2506 5383 2485 L
5383 2485 5329 2473 L
5341 2522 5383 2485 L
0.500 1.000 0.000 C
5459 2900 5558 2873 L
5558 2873 5503 2862 L
5516 2910 5558 2873 L
0.750 1.000 0.000 C
5765 2594 5846 2567 L
5846 2567 5791 2559 L
5807 2606 5846 2567 L
1.000 1.000 0.000 C
5021 2113 5089 2098 L
5089 2098 5035 2084 L
5045 2133 5089 2098 L
5602 2186 5667 2164 L
5667 2164 5612 2156 L
5627 2204 5667 2164 L
1.000 0.829 0.163 C
5438 1778 5489 1761 L
5489 1761 5434 1753 L
5449 1800 5489 1761 L
4326 1676 4381 1672 L
4381 1672 4329 1650 L
4333 1700 4381 1672 L
1.000 1.000 0.000 C
4693 2058 4761 2048 L
4761 2048 4708 2031 L
4715 2080 4761 2048 L
1.000 0.829 0.163 C
4803 1719 4856 1709 L
4856 1709 4802 1694 L
4811 1743 4856 1709 L
0.750 1.000 0.000 C
4341 2250 4421 2245 L
4421 2245 4370 2223 L
4373 2273 4421 2245 L
1.000 1.000 0.000 C
4130 1945 4198 1945 L
4198 1945 4148 1920 L
4148 1970 4198 1945 L
0.750 1.000 0.000 C
3869 2320 3957 2326 L
3957 2326 3909 2298 L
3906 2348 3957 2326 L
0.500 1.000 0.000 C
4510 2671 4608 2662 L
4608 2662 4556 2641 L
4560 2691 4608 2662 L
0.750 1.000 0.000 C
4341 2250 4421 2245 L
4421 2245 4370 2223 L
4373 2273 4421 2245 L
0.500 1.000 0.000 C
4020 2651 4122 2654 L
4122 2654 4073 2628 L
4072 2678 4122 2654 L
0.250 1.000 0.000 C
3699 3053 3826 3066 L
3826 3066 3778 3036 L
3773 3086 3826 3066 L
0.500 1.000 0.000 C
3668 2668 3776 2681 L
3776 2681 3729 2651 L
3723 2700 3776 2681 L
3316 2686 3430 2709 L
3430 2709 3386 2675 L
3376 2724 3430 2709 L
1.000 0.829 0.163 C
4119 1293 4169 1292 L
4326 1676 4381 1672 L
4381 1672 4329 1650 L
4333 1700 4381 1672 L
4584 1326 4633 1318 L
4584 1326 4633 1318 L
4803 1719 4856 1709 L
4856 1709 4802 1694 L
4811 1743 4856 1709 L
4929 1348 4978 1337 L
1.000 0.659 0.326 C
5275 1369 5323 1355 L
1.000 0.829 0.163 C
5438 1778 5489 1761 L
5489 1761 5434 1753 L
5449 1800 5489 1761 L
1.000 0.659 0.326 C
5593 1308 5640 1291 L
1.000 0.488 0.488 C
5446 512 5492 494 L
1.000 0.659 0.326 C
5556 1002 5603 984 L
1.000 0.488 0.488 C
5789 512 5834 492 L
1.000 0.829 0.163 C
5857 1931 5910 1910 L
5910 1910 5855 1905 L
5872 1951 5910 1910 L
1.000 1.000 0.000 C
5602 2186 5667 2164 L
5667 2164 5612 2156 L
5627 2204 5667 2164 L
6071 2288 6136 2263 L
6136 2263 6081 2257 L
6098 2304 6136 2263 L
1.000 0.829 0.163 C
5438 1778 5489 1761 L
5489 1761 5434 1753 L
5449 1800 5489 1761 L
1.000 1.000 0.000 C
5602 2186 5667 2164 L
5667 2164 5612 2156 L
5627 2204 5667 2164 L
1.000 0.829 0.163 C
5857 1931 5910 1910 L
5910 1910 5855 1905 L
5872 1951 5910 1910 L
6144 1614 6190 1594 L
5857 1931 5910 1910 L
5910 1910 5855 1905 L
5872 1951 5910 1910 L
6377 1981 6428 1960 L
6428 1960 6372 1956 L
6392 2003 6428 1960 L
1.000 0.659 0.326 C
4759 845 4808 834 L
1.000 0.829 0.163 C
4929 1348 4978 1337 L
1.000 0.659 0.326 C
5111 961 5159 947 L
1.000 0.829 0.163 C
4929 1348 4978 1337 L
1.000 0.659 0.326 C
4759 845 4808 834 L
1.000 0.829 0.163 C
4584 1326 4633 1318 L
1.000 0.659 0.326 C
5275 1369 5323 1355 L
5111 961 5159 947 L
1.000 0.829 0.163 C
4929 1348 4978 1337 L
1.000 0.659 0.326 C
5275 1369 5323 1355 L
1.000 0.829 0.163 C
4929 1348 4978 1337 L
4803 1719 4856 1709 L
4856 1709 4802 1694 L
4811 1743 4856 1709 L
1.000 0.488 0.488 C
5789 512 5834 492 L
5446 512 5492 494 L
1.000 1.000 0.000 C
3718 1989 3793 1997 L
3793 1997 3746 1967 L
3740 2017 3793 1997 L
4130 1945 4198 1945 L
4198 1945 4148 1920 L
4148 1970 4198 1945 L
1.000 0.829 0.163 C
3918 1641 3976 1644 L
3976 1644 3927 1617 L
3925 1666 3976 1644 L
1.000 0.659 0.326 C
4234 910 4284 907 L
3913 910 3963 911 L
1.000 0.829 0.163 C
4119 1293 4169 1292 L
4584 1326 4633 1318 L
4326 1676 4381 1672 L
4381 1672 4329 1650 L
4333 1700 4381 1672 L
4803 1719 4856 1709 L
4856 1709 4802 1694 L
4811 1743 4856 1709 L
1.000 0.659 0.326 C
4759 845 4808 834 L
4234 910 4284 907 L
1.000 0.829 0.163 C
4584 1326 4633 1318 L
1.000 0.659 0.326 C
5275 1369 5323 1355 L
1.000 0.829 0.163 C
4803 1719 4856 1709 L
4856 1709 4802 1694 L
4811 1743 4856 1709 L
5438 1778 5489 1761 L
5489 1761 5434 1753 L
5449 1800 5489 1761 L
1.000 0.659 0.326 C
4234 910 4284 907 L
1.000 0.488 0.488 C
4514 539 4563 530 L
4146 539 4196 535 L
1.000 0.829 0.163 C
3918 1641 3976 1644 L
3976 1644 3927 1617 L
3925 1666 3976 1644 L
3549 1568 3607 1577 L
3607 1577 3561 1545 L
3554 1594 3607 1577 L
1.000 1.000 0.000 C
3718 1989 3793 1997 L
3793 1997 3746 1967 L
3740 2017 3793 1997 L
1.000 0.829 0.163 C
4119 1293 4169 1292 L
3750 1220 3800 1224 L
3918 1641 3976 1644 L
3976 1644 3927 1617 L
3925 1666 3976 1644 L
4119 1293 4169 1292 L
3918 1641 3976 1644 L
3976 1644 3927 1617 L
3925 1666 3976 1644 L
4326 1676 4381 1672 L
4381 1672 4329 1650 L
4333 1700 4381 1672 L
1.000 0.488 0.488 C
4514 539 4563 530 L
1.000 0.659 0.326 C
4234 910 4284 907 L
4759 845 4808 834 L
1.000 0.488 0.488 C
4514 539 4563 530 L
4146 539 4196 535 L
4514 539 4563 530 L
0.500 1.000 0.000 C
4999 2824 5100 2804 L
5100 2804 5046 2789 L
5055 2838 5100 2804 L
0.250 1.000 0.000 C
5153 3206 5271 3181 L
5271 3181 5217 3167 L
5228 3216 5271 3181 L
0.500 1.000 0.000 C
5459 2900 5558 2873 L
5558 2873 5503 2862 L
5516 2910 5558 2873 L
0.750 1.000 0.000 C
4341 2250 4421 2245 L
4421 2245 4370 2223 L
4373 2273 4421 2245 L
4846 2441 4930 2427 L
4930 2427 4877 2410 L
4885 2460 4930 2427 L
1.000 1.000 0.000 C
4693 2058 4761 2048 L
4761 2048 4708 2031 L
4715 2080 4761 2048 L
5021 2113 5089 2098 L
5089 2098 5035 2084 L
5045 2133 5089 2098 L
0.750 1.000 0.000 C
5301 2506 5383 2485 L
5383 2485 5329 2473 L
5341 2522 5383 2485 L
1.000 1.000 0.000 C
5602 2186 5667 2164 L
5667 2164 5612 2156 L
5627 2204 5667 2164 L
1.000 0.488 0.488 C
4999 502 5047 488 L
0.500 1.000 0.000 C
4999 2824 5100 2804 L
5100 2804 5046 2789 L
5055 2838 5100 2804 L
0.250 1.000 0.000 C
4678 3091 4796 3077 L
4796 3077 4743 3058 L
4749 3108 4796 3077 L
5153 3206 5271 3181 L
5271 3181 5217 3167 L
5228 3216 5271 3181 L
0.500 1.000 0.000 C
4510 2671 4608 2662 L
4608 2662 4556 2641 L
4560 2691 4608 2662 L
0.250 1.000 0.000 C
4678 3091 4796 3077 L
4796 3077 4743 3058 L
4749 3108 4796 3077 L
0.500 1.000 0.000 C
4999 2824 5100 2804 L
5100 2804 5046 2789 L
5055 2838 5100 2804 L
0.750 1.000 0.000 C
5301 2506 5383 2485 L
5383 2485 5329 2473 L
5341 2522 5383 2485 L
0.500 1.000 0.000 C
4999 2824 5100 2804 L
5100 2804 5046 2789 L
5055 2838 5100 2804 L
5459 2900 5558 2873 L
5558 2873 5503 2862 L
5516 2910 5558 2873 L
1.000 0.488 0.488 C
4999 502 5047 488 L
4514 539 4563 530 L
3706 528 3756 531 L
4146 539 4196 535 L
0.250 1.000 0.000 C
4464 3359 4598 3349 L
4598 3349 4546 3328 L
4550 3378 4598 3349 L
0.000 1.000 0.250 C
4540 3818 4701 3803 L
4701 3803 4649 3783 L
4654 3832 4701 3803 L
0.000 1.000 0.000 C
4846 3512 4986 3491 L
4986 3491 4932 3474 L
4940 3523 4986 3491 L
1.000 0.488 0.488 C
3706 528 3756 531 L
4146 539 4196 535 L
0.250 1.000 0.000 C
4678 3091 4796 3077 L
4796 3077 4743 3058 L
4749 3108 4796 3077 L
4464 3359 4598 3349 L
4598 3349 4546 3328 L
4550 3378 4598 3349 L
0.000 1.000 0.000 C
4846 3512 4986 3491 L
4986 3491 4932 3474 L
4940 3523 4986 3491 L
1.000 0.488 0.488 C
2749 466 2797 482 L
3214 431 3263 440 L
0.500 1.000 0.000 C
2467 1906 2559 1947 L
2559 1947 2523 1904 L
2503 1950 2559 1947 L
1.000 1.000 0.000 C
2612 1426 2677 1452 L
2677 1452 2640 1410 L
2622 1456 2677 1452 L
0.750 1.000 0.000 C
2071 1573 2156 1622 L
2156 1622 2125 1575 L
2100 1619 2156 1622 L
0.500 1.000 0.000 C
1785 1431 1870 1488 L
1870 1488 1843 1439 L
1815 1480 1870 1488 L
1.000 1.000 0.000 C
2300 1173 2359 1203 L
2359 1203 2325 1158 L
2303 1203 2359 1203 L
1785 1002 1849 1047 L
1849 1047 1822 998 L
1794 1039 1849 1047 L
0.250 1.000 0.000 C
2168 2066 2274 2121 L
2274 2121 2241 2076 L
2218 2120 2274 2121 L
1785 1859 1890 1926 L
1890 1926 1862 1878 L
1835 1920 1890 1926 L
0.000 1.000 0.000 C
1785 2288 1909 2363 L
1909 2363 1879 2316 L
1853 2358 1909 2363 L
0.500 1.000 0.000 C
1785 1431 1870 1488 L
1870 1488 1843 1439 L
1815 1480 1870 1488 L
0.250 1.000 0.000 C
1785 1859 1890 1926 L
1890 1926 1862 1878 L
1835 1920 1890 1926 L
0.750 1.000 0.000 C
2071 1573 2156 1622 L
2156 1622 2125 1575 L
2100 1619 2156 1622 L
0.500 1.000 0.000 C
2551 2272 2658 2317 L
2658 2317 2621 2275 L
2602 2321 2658 2317 L
0.250 1.000 0.000 C
2168 2066 2274 2121 L
2274 2121 2241 2076 L
2218 2120 2274 2121 L
0.000 1.000 0.000 C
2179 2506 2304 2569 L
2304 2569 2270 2524 L
2248 2569 2304 2569 L
0.750 1.000 0.000 C
2071 1573 2156 1622 L
2156 1622 2125 1575 L
2100 1619 2156 1622 L
1.000 1.000 0.000 C
2612 1426 2677 1452 L
2677 1452 2640 1410 L
2622 1456 2677 1452 L
2300 1173 2359 1203 L
2359 1203 2325 1158 L
2303 1203 2359 1203 L
0.250 1.000 0.000 C
1785 1859 1890 1926 L
1890 1926 1862 1878 L
1835 1920 1890 1926 L
2168 2066 2274 2121 L
2274 2121 2241 2076 L
2218 2120 2274 2121 L
0.750 1.000 0.000 C
2071 1573 2156 1622 L
2156 1622 2125 1575 L
2100 1619 2156 1622 L
0.500 1.000 0.000 C
1785 1431 1870 1488 L
1870 1488 1843 1439 L
1815 1480 1870 1488 L
0.750 1.000 0.000 C
2071 1573 2156 1622 L
2156 1622 2125 1575 L
2100 1619 2156 1622 L
1.000 1.000 0.000 C
2300 1173 2359 1203 L
2359 1203 2325 1158 L
2303 1203 2359 1203 L
0.000 1.000 0.250 C
3185 3521 3343 3555 L
3343 3555 3299 3520 L
3289 3569 3343 3555 L
0.000 1.000 0.500 C
3214 4002 3398 4036 L
3398 4036 3354 4002 L
3345 4052 3398 4036 L
0.000 1.000 0.250 C
3534 3722 3700 3743 L
3700 3743 3653 3712 L
3647 3761 3700 3743 L
2835 3320 2987 3366 L
2987 3366 2947 3328 L
2932 3375 2987 3366 L
0.000 1.000 0.500 C
2857 3788 3034 3836 L
3034 3836 2992 3799 L
2979 3847 3034 3836 L
0.000 1.000 0.250 C
3185 3521 3343 3555 L
3343 3555 3299 3520 L
3289 3569 3343 3555 L
2835 3320 2987 3366 L
2987 3366 2947 3328 L
2932 3375 2987 3366 L
3185 3521 3343 3555 L
3343 3555 3299 3520 L
3289 3569 3343 3555 L
0.000 1.000 0.000 C
3360 3162 3497 3187 L
3497 3187 3452 3154 L
3443 3203 3497 3187 L
0.500 1.000 0.000 C
3316 2686 3430 2709 L
3430 2709 3386 2675 L
3376 2724 3430 2709 L
0.000 1.000 0.000 C
3360 3162 3497 3187 L
3497 3187 3452 3154 L
3443 3203 3497 3187 L
0.250 1.000 0.000 C
3699 3053 3826 3066 L
3826 3066 3778 3036 L
3773 3086 3826 3066 L
0.500 1.000 0.000 C
4295 2938 4409 2934 L
4409 2934 4358 2911 L
4360 2961 4409 2934 L
4510 2671 4608 2662 L
4608 2662 4556 2641 L
4560 2691 4608 2662 L
4020 2651 4122 2654 L
4122 2654 4073 2628 L
4072 2678 4122 2654 L
0.250 1.000 0.000 C
4678 3091 4796 3077 L
4796 3077 4743 3058 L
4749 3108 4796 3077 L
0.500 1.000 0.000 C
4510 2671 4608 2662 L
4608 2662 4556 2641 L
4560 2691 4608 2662 L
4295 2938 4409 2934 L
4409 2934 4358 2911 L
4360 2961 4409 2934 L
0.250 1.000 0.000 C
4081 3206 4212 3208 L
4212 3208 4162 3182 L
4161 3232 4212 3208 L
0.500 1.000 0.000 C
4295 2938 4409 2934 L
4409 2934 4358 2911 L
4360 2961 4409 2934 L
4020 2651 4122 2654 L
4122 2654 4073 2628 L
4072 2678 4122 2654 L
0.000 1.000 0.000 C
3753 3503 3904 3516 L
3904 3516 3856 3487 L
3852 3536 3904 3516 L
0.250 1.000 0.000 C
4081 3206 4212 3208 L
4212 3208 4162 3182 L
4161 3232 4212 3208 L
3699 3053 3826 3066 L
3826 3066 3778 3036 L
3773 3086 3826 3066 L
0.000 1.000 0.000 C
3360 3162 3497 3187 L
3497 3187 3452 3154 L
3443 3203 3497 3187 L
0.500 1.000 0.000 C
3316 2686 3430 2709 L
3430 2709 3386 2675 L
3376 2724 3430 2709 L
0.000 1.000 0.000 C
2966 2944 3098 2982 L
3098 2982 3057 2944 L
3043 2992 3098 2982 L
4147 3600 4298 3598 L
4298 3598 4248 3574 L
4249 3624 4298 3598 L
0.250 1.000 0.000 C
4081 3206 4212 3208 L
4212 3208 4162 3182 L
4161 3232 4212 3208 L
0.000 1.000 0.000 C
3753 3503 3904 3516 L
3904 3516 3856 3487 L
3852 3536 3904 3516 L
0.000 1.000 0.250 C
4540 3818 4701 3803 L
4701 3803 4649 3783 L
4654 3832 4701 3803 L
0.250 1.000 0.000 C
4464 3359 4598 3349 L
4598 3349 4546 3328 L
4550 3378 4598 3349 L
0.000 1.000 0.000 C
4147 3600 4298 3598 L
4298 3598 4248 3574 L
4249 3624 4298 3598 L
0.000 1.000 0.250 C
3884 3923 4058 3930 L
4058 3930 4009 3903 L
4007 3953 4058 3930 L
0.000 1.000 0.000 C
4147 3600 4298 3598 L
4298 3598 4248 3574 L
4249 3624 4298 3598 L
3753 3503 3904 3516 L
3904 3516 3856 3487 L
3852 3536 3904 3516 L
0.000 1.000 0.250 C
2179 2873 2321 2942 L
2321 2942 2286 2898 L
2265 2943 2321 2942 L
0.000 1.000 0.000 C
2573 3031 2715 3085 L
2715 3085 2677 3044 L
2659 3091 2715 3085 L
2573 2725 2700 2775 L
2700 2775 2663 2734 L
2645 2780 2700 2775 L
1785 2288 1909 2363 L
1909 2363 1879 2316 L
1853 2358 1909 2363 L
0.000 1.000 0.250 C
1785 2716 1927 2799 L
1927 2799 1897 2752 L
1871 2795 1927 2799 L
0.000 1.000 0.000 C
2179 2506 2304 2569 L
2304 2569 2270 2524 L
2248 2569 2304 2569 L
0.500 1.000 0.000 C
2551 2272 2658 2317 L
2658 2317 2621 2275 L
2602 2321 2658 2317 L
0.000 1.000 0.000 C
2179 2506 2304 2569 L
2304 2569 2270 2524 L
2248 2569 2304 2569 L
2573 2725 2700 2775 L
2700 2775 2663 2734 L
2645 2780 2700 2775 L
0.000 1.000 0.250 C
3884 3923 4058 3930 L
4058 3930 4009 3903 L
4007 3953 4058 3930 L
0.000 1.000 0.750 C
3928 4431 4133 4433 L
4133 4433 4083 4408 L
4082 4458 4133 4433 L
0.000 1.000 0.500 C
4234 4125 4417 4117 L
4417 4117 4366 4094 L
4368 4144 4417 4117 L
0.000 1.000 1.000 C
3254 4504 3469 4537 L
3469 4537 3423 4505 L
3415 4554 3469 4537 L
0.000 1.000 0.500 C
3571 4216 3765 4235 L
3765 4235 3717 4205 L
3713 4255 3765 4235 L
3214 4002 3398 4036 L
3398 4036 3354 4002 L
3345 4052 3398 4036 L
0.000 1.000 0.250 C
3534 3722 3700 3743 L
3700 3743 3653 3712 L
3647 3761 3700 3743 L
3884 3923 4058 3930 L
4058 3930 4009 3903 L
4007 3953 4058 3930 L
0.000 1.000 0.000 C
3753 3503 3904 3516 L
3904 3516 3856 3487 L
3852 3536 3904 3516 L
2179 2506 2304 2569 L
2304 2569 2270 2524 L
2248 2569 2304 2569 L
0.250 1.000 0.000 C
2168 2066 2274 2121 L
2274 2121 2241 2076 L
2218 2120 2274 2121 L
0.000 1.000 0.000 C
1785 2288 1909 2363 L
1909 2363 1879 2316 L
1853 2358 1909 2363 L
0.000 1.000 0.250 C
3884 3923 4058 3930 L
4058 3930 4009 3903 L
4007 3953 4058 3930 L
0.000 1.000 0.500 C
4234 4125 4417 4117 L
4417 4117 4366 4094 L
4368 4144 4417 4117 L
0.000 1.000 0.000 C
4147 3600 4298 3598 L
4298 3598 4248 3574 L
4249 3624 4298 3598 L
0.000 1.000 0.500 C
4234 4125 4417 4117 L
4417 4117 4366 4094 L
4368 4144 4417 4117 L
0.000 1.000 0.250 C
4540 3818 4701 3803 L
4701 3803 4649 3783 L
4654 3832 4701 3803 L
0.000 1.000 0.000 C
4147 3600 4298 3598 L
4298 3598 4248 3574 L
4249 3624 4298 3598 L
3360 3162 3497 3187 L
3497 3187 3452 3154 L
3443 3203 3497 3187 L
0.000 1.000 0.250 C
3534 3722 3700 3743 L
3700 3743 3653 3712 L
3647 3761 3700 3743 L
0.000 1.000 0.000 C
3753 3503 3904 3516 L
3904 3516 3856 3487 L
3852 3536 3904 3516 L
0.250 1.000 0.000 C
4081 3206 4212 3208 L
4212 3208 4162 3182 L
4161 3232 4212 3208 L
0.500 1.000 0.000 C
4020 2651 4122 2654 L
4122 2654 4073 2628 L
4072 2678 4122 2654 L
0.250 1.000 0.000 C
3699 3053 3826 3066 L
3826 3066 3778 3036 L
3773 3086 3826 3066 L
4678 3091 4796 3077 L
4796 3077 4743 3058 L
4749 3108 4796 3077 L
0.000 1.000 0.000 C
4846 3512 4986 3491 L
4986 3491 4932 3474 L
4940 3523 4986 3491 L
0.250 1.000 0.000 C
5153 3206 5271 3181 L
5271 3181 5217 3167 L
5228 3216 5271 3181 L
4081 3206 4212 3208 L
4212 3208 4162 3182 L
4161 3232 4212 3208 L
4464 3359 4598 3349 L
4598 3349 4546 3328 L
4550 3378 4598 3349 L
0.500 1.000 0.000 C
4295 2938 4409 2934 L
4409 2934 4358 2911 L
4360 2961 4409 2934 L
0.750 1.000 0.000 C
4846 2441 4930 2427 L
4930 2427 4877 2410 L
4885 2460 4930 2427 L
5301 2506 5383 2485 L
5383 2485 5329 2473 L
5341 2522 5383 2485 L
1.000 1.000 0.000 C
5021 2113 5089 2098 L
5089 2098 5035 2084 L
5045 2133 5089 2098 L
0.500 1.000 0.000 C
4510 2671 4608 2662 L
4608 2662 4556 2641 L
4560 2691 4608 2662 L
4999 2824 5100 2804 L
5100 2804 5046 2789 L
5055 2838 5100 2804 L
0.750 1.000 0.000 C
4846 2441 4930 2427 L
4930 2427 4877 2410 L
4885 2460 4930 2427 L
0.500 1.000 0.000 C
4510 2671 4608 2662 L
4608 2662 4556 2641 L
4560 2691 4608 2662 L
0.750 1.000 0.000 C
4846 2441 4930 2427 L
4930 2427 4877 2410 L
4885 2460 4930 2427 L
4341 2250 4421 2245 L
4421 2245 4370 2223 L
4373 2273 4421 2245 L
0.250 1.000 0.000 C
4464 3359 4598 3349 L
4598 3349 4546 3328 L
4550 3378 4598 3349 L
4678 3091 4796 3077 L
4796 3077 4743 3058 L
4749 3108 4796 3077 L
0.500 1.000 0.000 C
4295 2938 4409 2934 L
4409 2934 4358 2911 L
4360 2961 4409 2934 L
0.000 1.000 0.000 C
4147 3600 4298 3598 L
4298 3598 4248 3574 L
4249 3624 4298 3598 L
0.250 1.000 0.000 C
4464 3359 4598 3349 L
4598 3349 4546 3328 L
4550 3378 4598 3349 L
4081 3206 4212 3208 L
4212 3208 4162 3182 L
4161 3232 4212 3208 L
0.000 1.000 0.000 C
3753 3503 3904 3516 L
3904 3516 3856 3487 L
3852 3536 3904 3516 L
0.250 1.000 0.000 C
3699 3053 3826 3066 L
3826 3066 3778 3036 L
3773 3086 3826 3066 L
0.000 1.000 0.000 C
3360 3162 3497 3187 L
3497 3187 3452 3154 L
3443 3203 3497 3187 L
1.000 1.000 0.000 C
5021 2113 5089 2098 L
5089 2098 5035 2084 L
5045 2133 5089 2098 L
1.000 0.829 0.163 C
5438 1778 5489 1761 L
5489 1761 5434 1753 L
5449 1800 5489 1761 L
4803 1719 4856 1709 L
4856 1709 4802 1694 L
4811 1743 4856 1709 L
0.500 1.000 0.000 C
4999 2824 5100 2804 L
5100 2804 5046 2789 L
5055 2838 5100 2804 L
0.750 1.000 0.000 C
5301 2506 5383 2485 L
5383 2485 5329 2473 L
5341 2522 5383 2485 L
4846 2441 4930 2427 L
4930 2427 4877 2410 L
4885 2460 4930 2427 L
1.000 1.000 0.000 C
4693 2058 4761 2048 L
4761 2048 4708 2031 L
4715 2080 4761 2048 L
5021 2113 5089 2098 L
5089 2098 5035 2084 L
5045 2133 5089 2098 L
1.000 0.829 0.163 C
4803 1719 4856 1709 L
4856 1709 4802 1694 L
4811 1743 4856 1709 L
0.750 1.000 0.000 C
4846 2441 4930 2427 L
4930 2427 4877 2410 L
4885 2460 4930 2427 L
1.000 1.000 0.000 C
5021 2113 5089 2098 L
5089 2098 5035 2084 L
5045 2133 5089 2098 L
4693 2058 4761 2048 L
4761 2048 4708 2031 L
4715 2080 4761 2048 L
0.750 1.000 0.000 C
4341 2250 4421 2245 L
4421 2245 4370 2223 L
4373 2273 4421 2245 L
1.000 1.000 0.000 C
4693 2058 4761 2048 L
4761 2048 4708 2031 L
4715 2080 4761 2048 L
4130 1945 4198 1945 L
4198 1945 4148 1920 L
4148 1970 4198 1945 L
0.000 1.000 0.000 C
1785 6573 1785 6144 L
1785 6144 1785 5715 L
1785 5715 1785 5287 L
1785 5287 1785 4858 L
1785 4858 1785 4430 L
1785 4430 1785 4001 L
1785 4001 1785 3573 L
1785 3573 1785 3144 L
1785 3144 1785 2716 L
1785 2716 1785 2288 L
1785 2288 1785 1859 L
1785 1859 1785 1431 L
1785 1431 1785 1002 L
1785 1002 1785 574 L
1785 574 1785 145 L
0.000 1.000 1.000 C
8214 145 7908 451 L
7908 451 7602 757 L
7602 757 7296 1063 L
7296 1063 6990 1369 L
6990 1369 6683 1675 L
6683 1675 6377 1981 L
6377 1981 6071 2288 L
6071 2288 5765 2594 L
5765 2594 5459 2900 L
5459 2900 5153 3206 L
5153 3206 4846 3512 L
4846 3512 4540 3818 L
4540 3818 4234 4125 L
4234 4125 3928 4431 L
3928 4431 3622 4737 L
3622 4737 3316 5043 L
3316 5043 3009 5349 L
3009 5349 2703 5656 L
2703 5656 2397 5962 L
2397 5962 2091 6268 L
2091 6268 1785 6573 L
1.000 1.000 0.000 C
1785 145 2214 145 L
2214 145 2642 145 L
2642 145 3071 145 L
3071 145 3499 145 L
3499 145 3928 145 L
3928 145 4356 145 L
4356 145 4785 145 L
4785 145 5213 145 L
5213 145 5642 145 L
5642 145 6070 145 L
6070 145 6499 145 L
6499 145 6927 145 L
6927 145 7356 145 L
7356 145 7784 145 L
7784 145 8214 145 L
showpage
